1.422209999999999924e-03 2.604449999999999908e-04 2.728900000000000249e-04 2.634049999999999760e-04 3.403549999999999761e-04 2.356600000000000036e-04 2.719649999999999889e-04 8.503000000000000412e-05 2.624850000000000187e-04 2.100499999999999964e-05 -5.143000000000000056e-05 -8.934500000000000601e-05 -3.059999999999999925e-06 -2.261499999999999947e-05 -7.567999999999999370e-05 -6.526500000000000617e-05 -1.212000000000000051e-04 -1.228149999999999956e-04 -1.152449999999999986e-04 -6.956000000000000486e-05 -1.040400000000000000e-04 -7.094500000000000600e-05 2.916499999999999944e-05 -1.983499999999999898e-05 -1.962499999999999930e-05 -1.363500000000000074e-05 -9.880000000000000273e-06 -1.028399999999999979e-04 -5.415000000000000163e-05 -9.752499999999999884e-05 -1.115349999999999951e-04 -2.878499999999999969e-05 -2.422499999999999930e-05 -2.056899999999999907e-04 -9.262000000000000430e-05 -1.644700000000000025e-04 -1.908000000000000028e-04 1.010500000000000066e-05 7.051999999999999567e-05 2.991250000000000202e-04
2.604449999999999908e-04 1.494042500000000067e-03 1.326800000000000104e-04 2.137250000000000044e-04 1.023850000000000031e-04 1.413999999999999947e-04 1.411650000000000079e-04 1.670000000000000104e-06 1.625750000000000079e-04 -4.626000000000000093e-05 -9.894499999999999541e-05 -1.441899999999999866e-04 -8.907999999999999415e-05 -5.888500000000000288e-05 -5.527999999999999928e-05 -7.590499999999999916e-05 -1.341100000000000018e-04 -1.093000000000000005e-04 -1.401899999999999978e-04 -7.076500000000000433e-05 -1.417249999999999890e-04 -8.125499999999999368e-05 -2.466499999999999848e-05 -4.056500000000000210e-05 -4.012999999999999695e-05 -4.309499999999999990e-05 -4.292000000000000242e-05 -1.159450000000000021e-04 6.909000000000000427e-05 -7.368999999999999411e-05 -9.144000000000000543e-05 -2.652500000000000100e-05 8.948999999999999869e-05 -1.576150000000000012e-04 -1.442199999999999982e-04 -6.710999999999999951e-05 -7.604499999999999444e-05 8.776499999999999742e-05 1.174199999999999972e-04 2.373850000000000049e-04
2.728900000000000249e-04 1.326800000000000104e-04 7.502949999999998900e-04 1.767999999999999878e-04 2.171150000000000109e-04 1.262050000000000021e-04 1.568899999999999971e-04 5.499499999999999777e-05 1.627900000000000050e-04 1.019499999999999980e-05 -3.243499999999999693e-05 -3.364999999999999800e-05 5.480000000000000048e-06 -1.876500000000000075e-05 -5.852999999999999696e-05 -4.624500000000000193e-05 -6.226500000000000101e-05 -7.742000000000000075e-05 -5.487000000000000151e-05 -4.798500000000000221e-05 -4.940000000000000136e-05 -4.541499999999999801e-05 1.109000000000000055e-05 -1.535999999999999863e-05 -1.166000000000000017e-05 -9.834999999999999857e-06 -5.839999999999999990e-06 -6.218999999999999919e-05 -6.687999999999999663e-05 -7.008000000000000665e-05 -7.198499999999999604e-05 -2.701000000000000059e-05 -3.380000000000000165e-05 -1.381699999999999866e-04 -3.337000000000000068e-05 -1.141199999999999984e-04 -1.311250000000000024e-04 1.489999999999999922e-06 1.019799999999999960e-04 3.108300000000000039e-04
2.634049999999999760e-04 2.137250000000000044e-04 1.767999999999999878e-04 7.670300000000000338e-04 1.638450000000000008e-04 1.277100000000000088e-04 9.872000000000000349e-05 -3.535000000000000036e-06 1.190699999999999967e-04 -3.929999999999999642e-06 -4.784999999999999757e-05 -7.246500000000000500e-05 -1.007499999999999925e-05 -3.180499999999999788e-05 -6.614000000000000033e-05 -6.224000000000000040e-05 -9.338000000000000380e-05 -1.031299999999999968e-04 -9.124999999999999539e-05 -4.586500000000000218e-05 -8.341000000000000269e-05 -5.488999999999999793e-05 1.972999999999999914e-05 -1.492500000000000025e-05 -1.716999999999999993e-05 -1.044500000000000079e-05 -6.724999999999999987e-06 -7.423499999999999652e-05 -2.005500000000000026e-05 -5.899999999999999754e-05 -7.049499999999999506e-05 -6.989999999999999991e-06 2.805500000000000159e-05 -1.324449999999999965e-04 -5.009000000000000323e-05 -7.912000000000000142e-05 -1.124749999999999963e-04 6.221000000000000238e-05 9.530499999999999638e-05 2.431199999999999898e-04
3.403549999999999761e-04 1.023850000000000031e-04 2.171150000000000109e-04 1.638450000000000008e-04 1.256767499999999951e-03 2.113150000000000054e-04 3.154699999999999865e-04 1.391750000000000083e-04 2.545250000000000203e-04 3.630499999999999884e-05 -3.476499999999999664e-05 -7.410999999999999348e-05 -6.939999999999999622e-06 -2.635000000000000013e-05 -6.440500000000000424e-05 -5.605499999999999779e-05 -9.713000000000000008e-05 -9.645499999999999723e-05 -8.592500000000000149e-05 -5.114000000000000165e-05 -9.129999999999999661e-05 -6.026000000000000242e-05 5.460000000000000240e-06 -2.843999999999999876e-05 -3.454999999999999955e-05 -3.389000000000000248e-05 -2.741500000000000095e-05 -7.520499999999999570e-05 -5.454500000000000039e-05 -6.671999999999999817e-05 -7.444499999999999620e-05 -1.909499999999999929e-05 -3.860000000000000312e-06 -1.194500000000000032e-04 -4.508000000000000207e-05 -1.067449999999999953e-04 -1.479600000000000132e-04 3.960000000000000202e-06 2.909999999999999921e-05 2.034550000000000095e-04
2.356600000000000036e-04 1.413999999999999947e-04 1.262050000000000021e-04 1.277100000000000088e-04 2.113150000000000054e-04 1.805640000000000066e-03 2.376500000000000032e-04 6.145999999999999771e-05 2.114200000000000053e-04 -2.438500000000000116e-05 -6.995500000000000362e-05 -1.027550000000000013e-04 -6.177499999999999723e-05 -2.409999999999999965e-05 -1.118999999999999959e-05 -5.662999999999999821e-05 -8.116499999999999963e-05 -4.159499999999999732e-05 -9.105999999999999891e-05 -2.044500000000000161e-05 -7.854999999999999840e-05 -5.725499999999999985e-05 -5.725000000000000244e-06 -2.756000000000000040e-05 -2.852999999999999959e-05 -2.132499999999999996e-05 -3.112499999999999761e-05 -6.786999999999999901e-05 8.009999999999999542e-05 -6.121000000000000518e-05 -1.185900000000000013e-04 -2.866000000000000004e-05 8.875000000000000239e-05 -8.760499999999999895e-05 -1.596000000000000034e-04 -6.907000000000000108e-05 -6.294999999999999869e-05 -8.709999999999999616e-06 -1.120900000000000059e-04 -1.791100000000000114e-04
2.719649999999999889e-04 1.411650000000000079e-04 1.568899999999999971e-04 9.872000000000000349e-05 3.154699999999999865e-04 2.376500000000000032e-04 1.441402499999999785e-03 2.201249999999999973e-04 2.871999999999999879e-04 8.807499999999999953e-05 -3.806500000000000232e-05 -3.831999999999999903e-05 -3.659499999999999776e-05 1.614000000000000132e-05 -1.912500000000000070e-05 -3.560500000000000215e-05 -5.728000000000000046e-05 -4.098500000000000146e-05 -5.475999999999999748e-05 -5.862500000000000198e-05 -5.174500000000000009e-05 -4.708999999999999807e-05 2.444999999999999884e-06 -1.666500000000000053e-05 -1.024000000000000021e-05 -1.493999999999999926e-05 -8.755000000000000033e-06 -6.612499999999999455e-05 -3.221500000000000242e-05 -7.127499999999999775e-05 -5.529499999999999829e-05 -3.051000000000000096e-05 -3.433999999999999986e-05 -1.075849999999999940e-04 -6.832499999999999381e-05 -1.163949999999999994e-04 -1.550850000000000102e-04 -1.011149999999999967e-04 1.072000000000000070e-05 2.279999999999999854e-05
8.503000000000000412e-05 1.670000000000000104e-06 5.499499999999999777e-05 -3.535000000000000036e-06 1.391750000000000083e-04 6.145999999999999771e-05 2.201249999999999973e-04 2.127565000000000098e-03 1.540299999999999872e-04 8.101499999999999598e-05 -2.484500000000000014e-05 1.030500000000000044e-05 -3.059999999999999840e-05 1.820499999999999934e-05 -1.489999999999999964e-05 -1.223999999999999970e-05 4.060000000000000092e-06 -3.639999999999999878e-06 4.369999999999999665e-06 -3.012500000000000041e-05 4.735000000000000405e-06 -1.237000000000000015e-05 -6.100000000000000042e-06 -5.815000000000000229e-06 1.499999999999999932e-07 -5.489999999999999953e-06 1.254499999999999932e-05 -9.524999999999999437e-06 -4.089999999999999804e-05 -2.557000000000000082e-05 3.300000000000000168e-07 -1.285499999999999974e-05 -4.990499999999999738e-05 -4.014500000000000273e-05 -1.284999999999999979e-06 -6.506000000000000390e-05 -8.682999999999999367e-05 -8.885000000000000482e-05 4.822000000000000250e-05 8.045999999999999875e-05
2.624850000000000187e-04 1.625750000000000079e-04 1.627900000000000050e-04 1.190699999999999967e-04 2.545250000000000203e-04 2.114200000000000053e-04 2.871999999999999879e-04 1.540299999999999872e-04 1.923512499999999788e-03 5.325000000000000008e-05 -3.803000000000000011e-05 -4.995499999999999859e-05 9.880000000000000273e-06 -2.165000000000000024e-06 -3.939499999999999805e-05 -2.432499999999999834e-05 -7.208499999999999847e-05 -8.239000000000000230e-05 -6.706499999999999571e-05 -3.258999999999999799e-05 -4.927000000000000092e-05 -3.429500000000000284e-05 3.738500000000000205e-05 -5.164999999999999676e-06 1.839499999999999922e-05 8.310000000000000058e-06 -3.509999999999999852e-06 -3.786000000000000004e-05 -8.989500000000000583e-05 -6.139500000000000426e-05 -8.181500000000000187e-05 -1.941499999999999961e-05 -7.320000000000000219e-06 -1.199649999999999941e-04 -6.820999999999999915e-05 -1.548400000000000015e-04 -1.978449999999999870e-04 -6.230499999999999385e-05 -9.050500000000000168e-05 8.328499999999999966e-05
2.100499999999999964e-05 -4.626000000000000093e-05 1.019499999999999980e-05 -3.929999999999999642e-06 3.630499999999999884e-05 -2.438500000000000116e-05 8.807499999999999953e-05 8.101499999999999598e-05 5.325000000000000008e-05 2.618262500000000277e-03 7.054499999999999627e-05 6.328000000000000400e-05 5.303500000000000298e-05 7.165500000000000428e-05 4.353999999999999987e-05 -6.763499999999999872e-05 3.562499999999999857e-05 5.729999999999999688e-05 2.784000000000000111e-05 1.216000000000000047e-05 3.416500000000000239e-05 2.595999999999999878e-05 2.089999999999999980e-05 1.938999999999999901e-05 1.390499999999999985e-05 1.476999999999999919e-05 6.780000000000000307e-06 2.218999999999999930e-05 -3.894999999999999808e-05 -8.134999999999999192e-06 -1.563299999999999889e-04 -1.585000000000000071e-06 -8.610000000000000574e-05 2.004499999999999866e-05 1.425999999999999967e-04 -4.240499999999999803e-05 -8.537500000000000167e-05 -1.326450000000000014e-04 -1.519799999999999916e-04 -1.771750000000000104e-04
-5.143000000000000056e-05 -9.894499999999999541e-05 -3.243499999999999693e-05 -4.784999999999999757e-05 -3.476499999999999664e-05 -6.995500000000000362e-05 -3.806500000000000232e-05 -2.484500000000000014e-05 -3.803000000000000011e-05 7.054499999999999627e-05 1.397672499999999931e-03 6.766999999999999415e-05 6.509499999999999933e-05 3.748000000000000029e-05 4.962999999999999747e-05 4.793999999999999840e-05 5.540999999999999973e-05 6.284499999999999884e-05 4.991499999999999897e-05 2.962499999999999842e-05 4.839000000000000256e-05 4.442999999999999982e-05 1.688000000000000101e-05 2.212999999999999988e-05 2.100499999999999964e-05 2.228500000000000093e-05 6.270000000000000108e-06 3.604499999999999794e-05 -9.029999999999999941e-06 1.203500000000000082e-05 7.410000000000000205e-06 -5.395000000000000015e-06 -6.176500000000000241e-05 3.283000000000000246e-05 9.239999999999999624e-06 -1.876500000000000075e-05 -3.030000000000000128e-05 -1.118900000000000011e-04 -1.596699999999999942e-04 -1.512200000000000057e-04
-8.934500000000000601e-05 -1.441899999999999866e-04 -3.364999999999999800e-05 -7.246500000000000500e-05 -7.410999999999999348e-05 -1.027550000000000013e-04 -3.831999999999999903e-05 1.030500000000000044e-05 -4.995499999999999859e-05 6.328000000000000400e-05 6.766999999999999415e-05 1.349182500000000156e-03 6.033000000000000005e-05 5.407999999999999721e-05 6.103999999999999834e-05 5.993999999999999871e-05 9.255999999999999471e-05 8.520499999999999483e-05 9.363499999999999374e-05 2.417000000000000067e-05 8.802000000000000091e-05 5.729499999999999947e-05 1.858000000000000168e-05 3.335999999999999908e-05 4.016000000000000174e-05 3.435000000000000146e-05 2.790999999999999875e-05 4.699000000000000242e-05 -4.127500000000000038e-05 9.745000000000000718e-06 2.746999999999999957e-05 -1.931500000000000057e-05 -1.196800000000000061e-04 2.199499999999999863e-05 1.830499999999999838e-05 -4.344999999999999904e-05 -4.628500000000000154e-05 -1.621100000000000047e-04 -1.354399999999999907e-04 -1.101449999999999966e-04
-3.059999999999999925e-06 -8.907999999999999415e-05 5.480000000000000048e-06 -1.007499999999999925e-05 -6.939999999999999622e-06 -6.177499999999999723e-05 -3.659499999999999776e-05 -3.059999999999999840e-05 9.880000000000000273e-06 5.303500000000000298e-05 6.509499999999999933e-05 6.033000000000000005e-05 1.227432500000000259e-03 3.490499999999999869e-05 2.421000000000000029e-05 4.533499999999999878e-05 3.224999999999999785e-05 2.725499999999999909e-05 3.598999999999999931e-05 2.250000000000000142e-05 3.817999999999999698e-05 3.547999999999999911e-05 3.629499999999999724e-05 2.345500000000000159e-05 2.164500000000000029e-05 2.872500000000000026e-05 1.238000000000000005e-05 2.977499999999999868e-05 -6.680499999999999481e-05 -5.015000000000000265e-06 -2.247500000000000081e-05 -6.554999999999999920e-06 -8.199500000000000354e-05 -1.839999999999999959e-06 2.990999999999999993e-05 -6.036500000000000226e-05 -5.673499999999999805e-05 -7.532999999999999874e-05 -8.925000000000000099e-05 7.669999999999999409e-06
-2.261499999999999947e-05 -5.888500000000000288e-05 -1.876500000000000075e-05 -3.180499999999999788e-05 -2.635000000000000013e-05 -2.409999999999999965e-05 1.614000000000000132e-05 1.820499999999999934e-05 -2.165000000000000024e-06 7.165500000000000428e-05 3.748000000000000029e-05 5.407999999999999721e-05 3.490499999999999869e-05 7.226449999999999497e-04 4.674000000000000312e-05 3.652000000000000271e-05 4.613000000000000049e-05 5.110499999999999944e-05 4.161000000000000310e-05 1.317999999999999917e-05 4.079000000000000079e-05 2.994499999999999875e-05 1.870500000000000133e-05 2.351999999999999843e-05 2.640999999999999956e-05 2.358999999999999945e-05 2.030499999999999956e-05 2.050500000000000104e-05 -1.650499999999999868e-05 6.939999999999999622e-06 2.750000000000000140e-07 -5.969999999999999592e-06 -7.606000000000000022e-05 9.055000000000000548e-06 8.449999999999999565e-07 -3.860000000000000312e-05 -4.072500000000000057e-05 -1.173850000000000018e-04 -1.251550000000000037e-04 -1.615599999999999914e-04
-7.567999999999999370e-05 -5.527999999999999928e-05 -5.852999999999999696e-05 -6.614000000000000033e-05 -6.440500000000000424e-05 -1.118999999999999959e-05 -1.912500000000000070e-05 -1.489999999999999964e-05 -3.939499999999999805e-05 4.353999999999999987e-05 4.962999999999999747e-05 6.103999999999999834e-05 2.421000000000000029e-05 4.674000000000000312e-05 8.127524999999998726e-04 5.491000000000000113e-05 6.094000000000000268e-05 9.282500000000000657e-05 5.904999999999999876e-05 2.235999999999999937e-05 5.235500000000000272e-05 3.670999999999999920e-05 3.459999999999999907e-06 1.774500000000000036e-05 2.618500000000000086e-05 1.565999999999999914e-05 7.499999999999999661e-08 1.788000000000000160e-05 1.847999999999999925e-05 1.099500000000000061e-05 -8.974999999999999620e-06 -2.347000000000000060e-05 -7.483499999999999755e-05 3.279999999999999767e-05 -2.393500000000000038e-05 -1.452999999999999980e-05 1.436999999999999964e-05 -1.360350000000000079e-04 -1.038500000000000035e-04 -1.783699999999999880e-04
-6.526500000000000617e-05 -7.590499999999999916e-05 -4.624500000000000193e-05 -6.224000000000000040e-05 -5.605499999999999779e-05 -5.662999999999999821e-05 -3.560500000000000215e-05 -1.223999999999999970e-05 -2.432499999999999834e-05 -6.763499999999999872e-05 4.793999999999999840e-05 5.993999999999999871e-05 4.533499999999999878e-05 3.652000000000000271e-05 5.491000000000000113e-05 6.292924999999999994e-04 6.395499999999999330e-05 6.886000000000000139e-05 5.954000000000000254e-05 3.252499999999999776e-05 6.604499999999999531e-05 5.323999999999999848e-05 2.590500000000000016e-05 3.105999999999999739e-05 3.613499999999999877e-05 3.299499999999999834e-05 2.085499999999999938e-05 4.309000000000000249e-05 -8.774999999999999841e-06 2.583499999999999913e-05 2.796500000000000076e-05 -1.449000000000000018e-05 -9.663499999999999889e-05 1.641000000000000043e-05 -3.194000000000000251e-05 -4.130000000000000099e-05 -3.228000000000000265e-05 -1.384649999999999965e-04 -1.859250000000000063e-04 -2.034299999999999954e-04
-1.212000000000000051e-04 -1.341100000000000018e-04 -6.226500000000000101e-05 -9.338000000000000380e-05 -9.713000000000000008e-05 -8.116499999999999963e-05 -5.728000000000000046e-05 4.060000000000000092e-06 -7.208499999999999847e-05 3.562499999999999857e-05 5.540999999999999973e-05 9.255999999999999471e-05 3.224999999999999785e-05 4.613000000000000049e-05 6.094000000000000268e-05 6.395499999999999330e-05 6.731849999999999726e-04 9.752000000000000143e-05 9.351999999999999907e-05 3.824499999999999721e-05 9.105500000000000150e-05 6.040999999999999929e-05 6.970000000000000182e-06 3.405000000000000095e-05 3.485000000000000006e-05 3.310500000000000237e-05 2.886499999999999892e-05 5.760999999999999899e-05 2.505000000000000157e-06 3.520499999999999921e-05 4.976500000000000210e-05 -1.002499999999999973e-05 -9.050999999999999909e-05 4.585500000000000058e-05 -1.592500000000000084e-05 -2.138499999999999939e-05 -2.771999999999999887e-05 -1.716450000000000007e-04 -2.120599999999999991e-04 -2.659699999999999760e-04
-1.228149999999999956e-04 -1.093000000000000005e-04 -7.742000000000000075e-05 -1.031299999999999968e-04 -9.645499999999999723e-05 -4.159499999999999732e-05 -4.098500000000000146e-05 -3.639999999999999878e-06 -8.239000000000000230e-05 5.729999999999999688e-05 6.284499999999999884e-05 8.520499999999999483e-05 2.725499999999999909e-05 5.110499999999999944e-05 9.282500000000000657e-05 6.886000000000000139e-05 9.752000000000000143e-05 8.000975000000000014e-04 9.307999999999999651e-05 3.953000000000000269e-05 8.950500000000000448e-05 6.151499999999999633e-05 -2.780000000000000065e-06 3.330500000000000046e-05 2.566499999999999907e-05 2.458499999999999924e-05 1.240500000000000066e-05 4.446999999999999944e-05 4.127999999999999779e-05 2.559500000000000143e-05 1.452500000000000069e-05 -2.493000000000000017e-05 -9.170500000000000374e-05 4.661000000000000267e-05 -2.235000000000000116e-05 -1.554500000000000109e-05 -3.165000000000000190e-06 -1.745750000000000014e-04 -1.997350000000000113e-04 -2.771000000000000134e-04
-1.152449999999999986e-04 -1.401899999999999978e-04 -5.487000000000000151e-05 -9.124999999999999539e-05 -8.592500000000000149e-05 -9.105999999999999891e-05 -5.475999999999999748e-05 4.369999999999999665e-06 -6.706499999999999571e-05 2.784000000000000111e-05 4.991499999999999897e-05 9.363499999999999374e-05 3.598999999999999931e-05 4.161000000000000310e-05 5.904999999999999876e-05 5.954000000000000254e-05 9.351999999999999907e-05 9.307999999999999651e-05 4.946625000000000501e-04 3.597999999999999772e-05 9.396999999999999646e-05 5.922500000000000301e-05 1.279999999999999942e-05 2.962999999999999922e-05 3.135000000000000308e-05 2.596499999999999958e-05 2.576999999999999891e-05 5.203000000000000159e-05 -1.539000000000000003e-05 1.760499999999999831e-05 3.997500000000000266e-05 -2.872500000000000026e-05 -1.017649999999999989e-04 2.513999999999999986e-05 -1.501499999999999939e-05 -3.134499999999999889e-05 -1.976000000000000055e-05 -1.411949999999999924e-04 -1.285050000000000038e-04 -1.489200000000000040e-04
-6.956000000000000486e-05 -7.076500000000000433e-05 -4.798500000000000221e-05 -4.586500000000000218e-05 -5.114000000000000165e-05 -2.044500000000000161e-05 -5.862500000000000198e-05 -3.012500000000000041e-05 -3.258999999999999799e-05 1.216000000000000047e-05 2.962499999999999842e-05 2.417000000000000067e-05 2.250000000000000142e-05 1.317999999999999917e-05 2.235999999999999937e-05 3.252499999999999776e-05 3.824499999999999721e-05 3.953000000000000269e-05 3.597999999999999772e-05 5.380775000000000401e-04 4.946500000000000159e-05 4.449999999999999746e-05 2.764500000000000044e-05 2.114000000000000089e-05 1.804000000000000007e-05 2.112000000000000108e-05 1.317999999999999917e-05 4.323500000000000195e-05 1.824000000000000155e-05 3.139000000000000270e-05 2.680000000000000175e-06 -4.115000000000000412e-06 -1.177000000000000081e-05 2.811999999999999843e-05 -2.542000000000000056e-05 -1.855000000000000027e-06 -2.033000000000000017e-05 -6.153499999999999953e-05 -2.391749999999999996e-04 -2.640300000000000047e-04
-1.040400000000000000e-04 -1.417249999999999890e-04 -4.940000000000000136e-05 -8.341000000000000269e-05 -9.129999999999999661e-05 -7.854999999999999840e-05 -5.174500000000000009e-05 4.735000000000000405e-06 -4.927000000000000092e-05 3.416500000000000239e-05 4.839000000000000256e-05 8.802000000000000091e-05 3.817999999999999698e-05 4.079000000000000079e-05 5.235500000000000272e-05 6.604499999999999531e-05 9.105500000000000150e-05 8.950500000000000448e-05 9.396999999999999646e-05 4.946500000000000159e-05 5.769249999999999422e-04 7.708499999999999803e-05 3.722499999999999681e-05 4.486000000000000079e-05 5.026000000000000329e-05 4.546499999999999923e-05 3.668000000000000118e-05 6.115500000000000656e-05 -1.765499999999999952e-05 2.678000000000000110e-05 9.130000000000000677e-06 -3.740499999999999847e-05 -1.243499999999999868e-04 5.000000000000000105e-09 -2.922499999999999886e-05 -4.982000000000000073e-05 -4.358499999999999690e-05 -1.524549999999999896e-04 -2.413399999999999899e-04 -2.448400000000000207e-04
-7.094500000000000600e-05 -8.125499999999999368e-05 -4.541499999999999801e-05 -5.488999999999999793e-05 -6.026000000000000242e-05 -5.725499999999999985e-05 -4.708999999999999807e-05 -1.237000000000000015e-05 -3.429500000000000284e-05 2.595999999999999878e-05 4.442999999999999982e-05 5.729499999999999947e-05 3.547999999999999911e-05 2.994499999999999875e-05 3.670999999999999920e-05 5.323999999999999848e-05 6.040999999999999929e-05 6.151499999999999633e-05 5.922500000000000301e-05 4.449999999999999746e-05 7.708499999999999803e-05 6.093400000000000986e-04 3.745999999999999710e-05 3.815500000000000315e-05 3.901499999999999830e-05 3.735499999999999726e-05 3.054000000000000237e-05 5.417500000000000223e-05 5.025000000000000170e-06 3.144500000000000132e-05 1.244500000000000028e-05 -1.780499999999999978e-05 -8.630499999999999446e-05 9.114999999999999974e-06 -3.531500000000000324e-05 -3.769499999999999739e-05 -4.388499999999999742e-05 -1.265949999999999899e-04 -2.707499999999999946e-04 -2.821249999999999865e-04
2.916499999999999944e-05 -2.466499999999999848e-05 1.109000000000000055e-05 1.972999999999999914e-05 5.460000000000000240e-06 -5.725000000000000244e-06 2.444999999999999884e-06 -6.100000000000000042e-06 3.738500000000000205e-05 2.089999999999999980e-05 1.688000000000000101e-05 1.858000000000000168e-05 3.629499999999999724e-05 1.870500000000000133e-05 3.459999999999999907e-06 2.590500000000000016e-05 6.970000000000000182e-06 -2.780000000000000065e-06 1.279999999999999942e-05 2.764500000000000044e-05 3.722499999999999681e-05 3.745999999999999710e-05 5.584100000000000695e-04 3.040500000000000112e-05 3.646499999999999731e-05 3.929999999999999981e-05 3.167000000000000002e-05 2.517999999999999947e-05 -3.011999999999999961e-05 9.065000000000000453e-06 -7.649999999999999601e-06 -1.504999999999999990e-05 -6.367500000000000276e-05 -4.212500000000000071e-05 -4.893000000000000078e-05 -6.201499999999999493e-05 -7.818999999999999507e-05 -7.154499999999999347e-05 -2.217350000000000039e-04 -1.968349999999999950e-04
-1.983499999999999898e-05 -4.056500000000000210e-05 -1.535999999999999863e-05 -1.492500000000000025e-05 -2.843999999999999876e-05 -2.756000000000000040e-05 -1.666500000000000053e-05 -5.815000000000000229e-06 -5.164999999999999676e-06 1.938999999999999901e-05 2.212999999999999988e-05 3.335999999999999908e-05 2.345500000000000159e-05 2.351999999999999843e-05 1.774500000000000036e-05 3.105999999999999739e-05 3.405000000000000095e-05 3.330500000000000046e-05 2.962999999999999922e-05 2.114000000000000089e-05 4.486000000000000079e-05 3.815500000000000315e-05 3.040500000000000112e-05 4.459175000000000009e-04 3.237999999999999830e-05 3.317500000000000001e-05 2.763999999999999964e-05 2.520500000000000008e-05 5.199999999999999976e-07 1.696500000000000105e-05 6.649999999999999858e-06 -7.500000000000000190e-06 -6.119000000000000199e-05 -1.203500000000000082e-05 -2.523000000000000069e-05 -3.953500000000000010e-05 -5.657499999999999958e-05 -8.809500000000000273e-05 -1.966249999999999953e-04 -1.899799999999999937e-04
-1.962499999999999930e-05 -4.012999999999999695e-05 -1.166000000000000017e-05 -1.716999999999999993e-05 -3.454999999999999955e-05 -2.852999999999999959e-05 -1.024000000000000021e-05 1.499999999999999932e-07 1.839499999999999922e-05 1.390499999999999985e-05 2.100499999999999964e-05 4.016000000000000174e-05 2.164500000000000029e-05 2.640999999999999956e-05 2.618500000000000086e-05 3.613499999999999877e-05 3.485000000000000006e-05 2.566499999999999907e-05 3.135000000000000308e-05 1.804000000000000007e-05 5.026000000000000329e-05 3.901499999999999830e-05 3.646499999999999731e-05 3.237999999999999830e-05 5.397550000000000524e-04 3.672499999999999821e-05 2.962499999999999842e-05 2.826999999999999869e-05 -2.165999999999999930e-05 1.885000000000000079e-05 5.655000000000000067e-06 -1.172999999999999950e-05 -7.415499999999999728e-05 -1.580499999999999860e-05 -2.599500000000000099e-05 -4.414000000000000090e-05 -5.865000000000000259e-05 -1.012149999999999991e-04 -1.916950000000000002e-04 -1.877349999999999906e-04
-1.363500000000000074e-05 -4.309499999999999990e-05 -9.834999999999999857e-06 -1.044500000000000079e-05 -3.389000000000000248e-05 -2.132499999999999996e-05 -1.493999999999999926e-05 -5.489999999999999953e-06 8.310000000000000058e-06 1.476999999999999919e-05 2.228500000000000093e-05 3.435000000000000146e-05 2.872500000000000026e-05 2.358999999999999945e-05 1.565999999999999914e-05 3.299499999999999834e-05 3.310500000000000237e-05 2.458499999999999924e-05 2.596499999999999958e-05 2.112000000000000108e-05 4.546499999999999923e-05 3.735499999999999726e-05 3.929999999999999981e-05 3.317500000000000001e-05 3.672499999999999821e-05 5.103400000000000774e-04 3.080500000000000068e-05 2.979499999999999849e-05 -1.614999999999999953e-05 1.606499999999999950e-05 8.990000000000000324e-06 -7.835000000000000371e-06 -6.335500000000000582e-05 -1.507999999999999961e-05 -3.016500000000000003e-05 -4.776999999999999834e-05 -6.184500000000000164e-05 -9.195499999999999627e-05 -1.962400000000000049e-04 -2.003150000000000091e-04
-9.880000000000000273e-06 -4.292000000000000242e-05 -5.839999999999999990e-06 -6.724999999999999987e-06 -2.741500000000000095e-05 -3.112499999999999761e-05 -8.755000000000000033e-06 1.254499999999999932e-05 -3.509999999999999852e-06 6.780000000000000307e-06 6.270000000000000108e-06 2.790999999999999875e-05 1.238000000000000005e-05 2.030499999999999956e-05 7.499999999999999661e-08 2.085499999999999938e-05 2.886499999999999892e-05 1.240500000000000066e-05 2.576999999999999891e-05 1.317999999999999917e-05 3.668000000000000118e-05 3.054000000000000237e-05 3.167000000000000002e-05 2.763999999999999964e-05 2.962499999999999842e-05 3.080500000000000068e-05 4.973799999999999576e-04 2.924499999999999867e-05 -1.243999999999999948e-05 1.816499999999999972e-05 1.745999999999999885e-05 -2.129999999999999935e-06 -6.312000000000000553e-05 -1.646000000000000165e-05 -2.050500000000000104e-05 -4.564999999999999830e-05 -5.354500000000000318e-05 -7.269499999999999432e-05 -1.376050000000000081e-04 -1.539149999999999926e-04
-1.028399999999999979e-04 -1.159450000000000021e-04 -6.218999999999999919e-05 -7.423499999999999652e-05 -7.520499999999999570e-05 -6.786999999999999901e-05 -6.612499999999999455e-05 -9.524999999999999437e-06 -3.786000000000000004e-05 2.218999999999999930e-05 3.604499999999999794e-05 4.699000000000000242e-05 2.977499999999999868e-05 2.050500000000000104e-05 1.788000000000000160e-05 4.309000000000000249e-05 5.760999999999999899e-05 4.446999999999999944e-05 5.203000000000000159e-05 4.323500000000000195e-05 6.115500000000000656e-05 5.417500000000000223e-05 2.517999999999999947e-05 2.520500000000000008e-05 2.826999999999999869e-05 2.979499999999999849e-05 2.924499999999999867e-05 6.199849999999999806e-04 9.449999999999999519e-07 4.928000000000000251e-05 3.098999999999999975e-05 7.740000000000000433e-06 -4.847499999999999921e-05 5.584000000000000069e-05 3.984999999999999963e-06 -8.490000000000000029e-06 -2.086000000000000018e-05 -1.009400000000000060e-04 -2.348250000000000023e-04 -2.911049999999999987e-04
-5.415000000000000163e-05 6.909000000000000427e-05 -6.687999999999999663e-05 -2.005500000000000026e-05 -5.454500000000000039e-05 8.009999999999999542e-05 -3.221500000000000242e-05 -4.089999999999999804e-05 -8.989500000000000583e-05 -3.894999999999999808e-05 -9.029999999999999941e-06 -4.127500000000000038e-05 -6.680499999999999481e-05 -1.650499999999999868e-05 1.847999999999999925e-05 -8.774999999999999841e-06 2.505000000000000157e-06 4.127999999999999779e-05 -1.539000000000000003e-05 1.824000000000000155e-05 -1.765499999999999952e-05 5.025000000000000170e-06 -3.011999999999999961e-05 5.199999999999999976e-07 -2.165999999999999930e-05 -1.614999999999999953e-05 -1.243999999999999948e-05 9.449999999999999519e-07 6.376325000000000178e-04 4.476999999999999995e-05 3.121000000000000103e-05 1.646999999999999986e-05 9.184000000000000160e-05 4.714499999999999670e-05 -7.980499999999999909e-05 7.326999999999999475e-05 4.203999999999999729e-05 -1.479499999999999980e-05 -1.818599999999999969e-04 -3.366099999999999908e-04
-9.752499999999999884e-05 -7.368999999999999411e-05 -7.008000000000000665e-05 -5.899999999999999754e-05 -6.671999999999999817e-05 -6.121000000000000518e-05 -7.127499999999999775e-05 -2.557000000000000082e-05 -6.139500000000000426e-05 -8.134999999999999192e-06 1.203500000000000082e-05 9.745000000000000718e-06 -5.015000000000000265e-06 6.939999999999999622e-06 1.099500000000000061e-05 2.583499999999999913e-05 3.520499999999999921e-05 2.559500000000000143e-05 1.760499999999999831e-05 3.139000000000000270e-05 2.678000000000000110e-05 3.144500000000000132e-05 9.065000000000000453e-06 1.696500000000000105e-05 1.885000000000000079e-05 1.606499999999999950e-05 1.816499999999999972e-05 4.928000000000000251e-05 4.476999999999999995e-05 1.118027499999999907e-03 4.517500000000000031e-05 3.113999999999999662e-05 -5.799999999999999526e-07 6.980499999999999997e-05 2.039999999999999950e-06 4.108499999999999712e-05 1.031999999999999945e-05 -5.950500000000000033e-05 -2.252250000000000129e-04 -3.252749999999999782e-04
-1.115349999999999951e-04 -9.144000000000000543e-05 -7.198499999999999604e-05 -7.049499999999999506e-05 -7.444499999999999620e-05 -1.185900000000000013e-04 -5.529499999999999829e-05 3.300000000000000168e-07 -8.181500000000000187e-05 -1.563299999999999889e-04 7.410000000000000205e-06 2.746999999999999957e-05 -2.247500000000000081e-05 2.750000000000000140e-07 -8.974999999999999620e-06 2.796500000000000076e-05 4.976500000000000210e-05 1.452500000000000069e-05 3.997500000000000266e-05 2.680000000000000175e-06 9.130000000000000677e-06 1.244500000000000028e-05 -7.649999999999999601e-06 6.649999999999999858e-06 5.655000000000000067e-06 8.990000000000000324e-06 1.745999999999999885e-05 3.098999999999999975e-05 3.121000000000000103e-05 4.517500000000000031e-05 8.346200000000000016e-04 3.222499999999999724e-05 3.261000000000000118e-05 6.671999999999999817e-05 -4.339999999999999782e-05 5.824500000000000223e-05 6.790000000000000212e-06 -3.728499999999999962e-05 -5.834499999999999788e-05 -1.584199999999999909e-04
-2.878499999999999969e-05 -2.652500000000000100e-05 -2.701000000000000059e-05 -6.989999999999999991e-06 -1.909499999999999929e-05 -2.866000000000000004e-05 -3.051000000000000096e-05 -1.285499999999999974e-05 -1.941499999999999961e-05 -1.585000000000000071e-06 -5.395000000000000015e-06 -1.931500000000000057e-05 -6.554999999999999920e-06 -5.969999999999999592e-06 -2.347000000000000060e-05 -1.449000000000000018e-05 -1.002499999999999973e-05 -2.493000000000000017e-05 -2.872500000000000026e-05 -4.115000000000000412e-06 -3.740499999999999847e-05 -1.780499999999999978e-05 -1.504999999999999990e-05 -7.500000000000000190e-06 -1.172999999999999950e-05 -7.835000000000000371e-06 -2.129999999999999935e-06 7.740000000000000433e-06 1.646999999999999986e-05 3.113999999999999662e-05 3.222499999999999724e-05 9.201575000000000682e-04 6.862500000000000110e-05 6.762500000000000390e-05 6.775500000000000435e-05 5.340500000000000114e-05 6.199999999999999931e-06 2.896000000000000055e-05 -1.096000000000000010e-05 -6.832499999999999381e-05
-2.422499999999999930e-05 8.948999999999999869e-05 -3.380000000000000165e-05 2.805500000000000159e-05 -3.860000000000000312e-06 8.875000000000000239e-05 -3.433999999999999986e-05 -4.990499999999999738e-05 -7.320000000000000219e-06 -8.610000000000000574e-05 -6.176500000000000241e-05 -1.196800000000000061e-04 -8.199500000000000354e-05 -7.606000000000000022e-05 -7.483499999999999755e-05 -9.663499999999999889e-05 -9.050999999999999909e-05 -9.170500000000000374e-05 -1.017649999999999989e-04 -1.177000000000000081e-05 -1.243499999999999868e-04 -8.630499999999999446e-05 -6.367500000000000276e-05 -6.119000000000000199e-05 -7.415499999999999728e-05 -6.335500000000000582e-05 -6.312000000000000553e-05 -4.847499999999999921e-05 9.184000000000000160e-05 -5.799999999999999526e-07 3.261000000000000118e-05 6.862500000000000110e-05 1.038552500000000049e-03 8.328999999999999707e-05 4.846000000000000020e-05 1.710000000000000094e-04 8.218500000000000002e-05 2.528850000000000021e-04 1.843199999999999971e-04 1.169749999999999973e-04
-2.056899999999999907e-04 -1.576150000000000012e-04 -1.381699999999999866e-04 -1.324449999999999965e-04 -1.194500000000000032e-04 -8.760499999999999895e-05 -1.075849999999999940e-04 -4.014500000000000273e-05 -1.199649999999999941e-04 2.004499999999999866e-05 3.283000000000000246e-05 2.199499999999999863e-05 -1.839999999999999959e-06 9.055000000000000548e-06 3.279999999999999767e-05 1.641000000000000043e-05 4.585500000000000058e-05 4.661000000000000267e-05 2.513999999999999986e-05 2.811999999999999843e-05 5.000000000000000105e-09 9.114999999999999974e-06 -4.212500000000000071e-05 -1.203500000000000082e-05 -1.580499999999999860e-05 -1.507999999999999961e-05 -1.646000000000000165e-05 5.584000000000000069e-05 4.714499999999999670e-05 6.980499999999999997e-05 6.671999999999999817e-05 6.762500000000000390e-05 8.328999999999999707e-05 7.940700000000001273e-04 1.092799999999999973e-04 1.340149999999999968e-04 9.882000000000000593e-05 -1.415499999999999915e-05 -5.792000000000000111e-05 -2.811000000000000022e-04
-9.262000000000000430e-05 -1.442199999999999982e-04 -3.337000000000000068e-05 -5.009000000000000323e-05 -4.508000000000000207e-05 -1.596000000000000034e-04 -6.832499999999999381e-05 -1.284999999999999979e-06 -6.820999999999999915e-05 1.425999999999999967e-04 9.239999999999999624e-06 1.830499999999999838e-05 2.990999999999999993e-05 8.449999999999999565e-07 -2.393500000000000038e-05 -3.194000000000000251e-05 -1.592500000000000084e-05 -2.235000000000000116e-05 -1.501499999999999939e-05 -2.542000000000000056e-05 -2.922499999999999886e-05 -3.531500000000000324e-05 -4.893000000000000078e-05 -2.523000000000000069e-05 -2.599500000000000099e-05 -3.016500000000000003e-05 -2.050500000000000104e-05 3.984999999999999963e-06 -7.980499999999999909e-05 2.039999999999999950e-06 -4.339999999999999782e-05 6.775500000000000435e-05 4.846000000000000020e-05 1.092799999999999973e-04 1.262710000000000004e-03 8.412999999999999580e-05 6.614000000000000033e-05 1.039149999999999970e-04 3.307550000000000138e-04 3.782200000000000210e-04
-1.644700000000000025e-04 -6.710999999999999951e-05 -1.141199999999999984e-04 -7.912000000000000142e-05 -1.067449999999999953e-04 -6.907000000000000108e-05 -1.163949999999999994e-04 -6.506000000000000390e-05 -1.548400000000000015e-04 -4.240499999999999803e-05 -1.876500000000000075e-05 -4.344999999999999904e-05 -6.036500000000000226e-05 -3.860000000000000312e-05 -1.452999999999999980e-05 -4.130000000000000099e-05 -2.138499999999999939e-05 -1.554500000000000109e-05 -3.134499999999999889e-05 -1.855000000000000027e-06 -4.982000000000000073e-05 -3.769499999999999739e-05 -6.201499999999999493e-05 -3.953500000000000010e-05 -4.414000000000000090e-05 -4.776999999999999834e-05 -4.564999999999999830e-05 -8.490000000000000029e-06 7.326999999999999475e-05 4.108499999999999712e-05 5.824500000000000223e-05 5.340500000000000114e-05 1.710000000000000094e-04 1.340149999999999968e-04 8.412999999999999580e-05 9.522399999999999224e-04 1.790299999999999986e-04 1.830050000000000004e-04 1.250099999999999974e-04 -1.501499999999999939e-05
-1.908000000000000028e-04 -7.604499999999999444e-05 -1.311250000000000024e-04 -1.124749999999999963e-04 -1.479600000000000132e-04 -6.294999999999999869e-05 -1.550850000000000102e-04 -8.682999999999999367e-05 -1.978449999999999870e-04 -8.537500000000000167e-05 -3.030000000000000128e-05 -4.628500000000000154e-05 -5.673499999999999805e-05 -4.072500000000000057e-05 1.436999999999999964e-05 -3.228000000000000265e-05 -2.771999999999999887e-05 -3.165000000000000190e-06 -1.976000000000000055e-05 -2.033000000000000017e-05 -4.358499999999999690e-05 -4.388499999999999742e-05 -7.818999999999999507e-05 -5.657499999999999958e-05 -5.865000000000000259e-05 -6.184500000000000164e-05 -5.354500000000000318e-05 -2.086000000000000018e-05 4.203999999999999729e-05 1.031999999999999945e-05 6.790000000000000212e-06 6.199999999999999931e-06 8.218500000000000002e-05 9.882000000000000593e-05 6.614000000000000033e-05 1.790299999999999986e-04 1.084499999999999961e-03 2.061300000000000068e-04 3.646300000000000105e-04 1.970800000000000037e-04
1.010500000000000066e-05 8.776499999999999742e-05 1.489999999999999922e-06 6.221000000000000238e-05 3.960000000000000202e-06 -8.709999999999999616e-06 -1.011149999999999967e-04 -8.885000000000000482e-05 -6.230499999999999385e-05 -1.326450000000000014e-04 -1.118900000000000011e-04 -1.621100000000000047e-04 -7.532999999999999874e-05 -1.173850000000000018e-04 -1.360350000000000079e-04 -1.384649999999999965e-04 -1.716450000000000007e-04 -1.745750000000000014e-04 -1.411949999999999924e-04 -6.153499999999999953e-05 -1.524549999999999896e-04 -1.265949999999999899e-04 -7.154499999999999347e-05 -8.809500000000000273e-05 -1.012149999999999991e-04 -9.195499999999999627e-05 -7.269499999999999432e-05 -1.009400000000000060e-04 -1.479499999999999980e-05 -5.950500000000000033e-05 -3.728499999999999962e-05 2.896000000000000055e-05 2.528850000000000021e-04 -1.415499999999999915e-05 1.039149999999999970e-04 1.830050000000000004e-04 2.061300000000000068e-04 1.364235000000000100e-03 7.305849999999999584e-04 8.186400000000000361e-04
7.051999999999999567e-05 1.174199999999999972e-04 1.019799999999999960e-04 9.530499999999999638e-05 2.909999999999999921e-05 -1.120900000000000059e-04 1.072000000000000070e-05 4.822000000000000250e-05 -9.050500000000000168e-05 -1.519799999999999916e-04 -1.596699999999999942e-04 -1.354399999999999907e-04 -8.925000000000000099e-05 -1.251550000000000037e-04 -1.038500000000000035e-04 -1.859250000000000063e-04 -2.120599999999999991e-04 -1.997350000000000113e-04 -1.285050000000000038e-04 -2.391749999999999996e-04 -2.413399999999999899e-04 -2.707499999999999946e-04 -2.217350000000000039e-04 -1.966249999999999953e-04 -1.916950000000000002e-04 -1.962400000000000049e-04 -1.376050000000000081e-04 -2.348250000000000023e-04 -1.818599999999999969e-04 -2.252250000000000129e-04 -5.834499999999999788e-05 -1.096000000000000010e-05 1.843199999999999971e-04 -5.792000000000000111e-05 3.307550000000000138e-04 1.250099999999999974e-04 3.646300000000000105e-04 7.305849999999999584e-04 5.703027499999999139e-03 2.599129999999999843e-03
